5.1205 24.6715 7.9135 29.1935 6.4505 27.664
8.778 27.1985 2.261 34.713 16.093 37.8385
2.0615 32.319 6.7165 39.7005 3.1255 37.24
6.8495 37.772 13.699 35.5775 8.911 42.294
12.9675 41.8285 11.5045 38.3705 11.9035 47.88
14.098 39.4345 15.7605 30.058 4.7215 34.3805
7.847 34.58 9.7755 40.6315 1.6625 40.698
9.3765 26.6665 11.3715 36.575 2.0615 46.3505
9.1105 39.767 1.7955 43.491 4.7215 26.1345
14.763 37.9715 9.1105 34.6465 7.3815 37.1735
7.9135 43.624 2.926 46.816 3.192 26.2675
12.369 47.4145 16.2925 26.7995 4.788 40.432
11.837 48.0795 1.7955 29.4595 9.6425 38.1045
14.0315 42.161 13.6325 45.9515 10.8395 44.821
14.364 38.57 9.443 29.9915 1.9285 50.54
8.379 40.3655 2.527 39.368 3.059 27.3315
15.561 34.5135 9.709 26.866 11.3715 40.6315
4.7215 40.432 15.295 26.866 10.3075 46.284
16.5585 31.92 8.113 37.4395 4.7215 36.575
14.896 33.915 15.96 34.1145 4.9875 27.7305
9.1105 41.1635 8.3125 37.506 9.31 42.294
7.847 45.9515 14.763 40.4985 1.7955 46.2175
7.7805 29.393 14.231 23.8735 10.0415 48.2125
1.729 29.526 16.093 40.299 14.896 40.4985
8.512 26.467 7.7805 29.3265 2.128 36.9075
12.635 24.738 2.527 34.447 2.261 25.802
9.2435 48.013 8.645 28.994 3.059 25.7355
2.8595 50.008 9.842 34.5135 16.8245 38.304
2.66 46.7495 15.96 24.871 8.1795 34.5135
6.8495 24.472 7.7805 29.8585 10.108 31.787
7.581 27.4645 4.7215 30.7895 6.517 35.4445
2.5935 24.339 4.788 36.7745 12.901 47.0155
2.793 35.1785 14.0315 47.5475 7.3815 32.9175
4.5885 34.6465 1.995 36.6415 6.5835 34.979
2.1945 46.8825 5.5195 47.4145 12.502 24.6715
9.975 25.004 11.571 37.3065 8.8445 34.6465
4.9875 42.7595 9.842 35.3115 3.458 30.2575
6.7165 43.624 8.4455 42.56 7.5145 44.555
10.9725 44.821 13.4995 42.294 15.827 31.122
13.699 23.408 2.8595 47.614 8.113 44.8875
1.7955 26.9325 12.4355 48.4785 8.512 26.7995
4.9875 42.028 1.862 25.6025 11.6375 33.3165
14.9625 34.1145 5.453 47.614 9.576 42.2275
5.32 49.609 6.3175 35.8435 6.9825 45.486
11.6375 24.5385 9.709 29.26 12.3025 49.21
11.305 25.137 13.433 48.944 16.891 39.3015
15.7605 24.605 6.384 48.2125 13.034 33.9815
5.054 46.4835 15.6275 37.373 10.4405 25.004
16.0265 30.989 1.9285 28.861 9.1105 37.5725
4.522 43.1585 8.3125 26.7995 14.364 33.8485
16.6915 38.57 15.6275 29.0605 16.625 30.989
2.5935 36.841 9.975 46.8825 2.527 49.476
4.7215 49.343 8.379 31.8535 3.2585 34.7795
4.8545 43.4245 4.9875 25.7355 1.7955 37.1735
1.995 31.5875 16.758 39.8335 1.862 32.984
9.842 46.7495 7.98 25.0705 13.8985 39.501
15.2285 38.437 4.9875 43.5575 5.054 31.5875
1.862 34.6465 13.6325 27.5975 9.5095 33.117
5.3865 48.545 3.458 29.7255 7.714 48.279
15.4945 33.782 12.901 44.023 6.384 35.245
14.497 38.969 4.522 40.432 8.1795 38.304
9.1105 38.1045 9.576 25.0705 15.7605 23.6075
12.0365 24.8045 4.7215 40.7645 17.024 24.4055
11.9035 46.4835 13.566 33.383 11.2385 25.137
9.842 32.9175 15.162 34.713 5.852 46.949
10.0415 40.432 5.6525 48.013 11.039 44.3555
13.7655 34.7795 2.66 50.7395 7.847 42.8925
2.7265 27.0655 16.492 34.6465 7.3815 33.117
7.3815 38.437 11.6375 30.3905 9.975 48.146
2.1945 40.698 12.0365 47.5475 7.6475 37.9715
6.1845 40.2325 10.0415 38.038 12.8345 40.3655
11.571 27.5975 3.059 35.644 5.2535 47.215
8.246 35.378 9.1105 31.92 14.4305 37.373
7.182 28.994 7.448 45.486 8.911 41.2965
9.7755 34.58 16.6915 37.0405 11.5045 30.6565
15.8935 29.659 8.379 40.0995 9.6425 35.245
15.029 34.7795 16.1595 30.324 11.704 33.25
13.433 27.0655 7.3815 43.4245 5.9185 47.88
4.522 48.3455 16.891 40.3655 9.842 48.279
9.9085 38.2375 4.788 26.5335 15.827 34.314
16.4255 24.073 11.3715 38.57 4.655 28.2625
5.2535 50.008 16.625 30.3905 13.3665 42.8925
15.561 35.112 16.891 31.654 16.4255 29.127
8.645 47.6805 16.2925 34.048 8.113 25.2035
7.315 37.0405 4.4555 48.8775 8.512 43.2915
2.1945 44.156 9.177 40.964 15.4945 40.2325
16.0265 38.6365 12.103 46.816 15.827 33.25
13.3665 27.93 12.369 46.4835 11.3715 26.7995
2.793 27.0655 14.896 39.9 15.295 28.994
1.729 35.1785 2.3275 49.1435 7.98 37.4395
14.231 40.299 9.576 42.028 13.3 34.048
1.729 35.1785 1.995 29.26 6.9825 37.5725
2.1945 49.5425 2.3275 36.043 6.916 29.7255
8.113 35.7105 13.6325 27.1985 4.7215 24.871
15.8935 37.24 15.2285 29.8585 7.182 44.6215
7.5145 30.324 11.5045 32.984 13.167 43.358
15.0955 39.1685 9.3765 34.5135 11.6375 28.7945
16.6915 36.9075 14.896 38.5035 8.645 32.851
11.2385 43.5575 7.2485 35.3115 4.8545 27.531
13.965 48.4785 8.1795 26.6 2.3275 32.718
5.7855 47.5475 9.6425 48.2125 2.3275 29.925
3.458 32.851 2.527 32.585 13.3665 47.348
8.1795 45.619 6.4505 34.7795 9.443 29.7255
8.4455 29.5925 9.044 32.3855 16.1595 24.339
4.655 47.348 8.8445 42.4935 10.108 48.146
16.758 40.0995 13.6325 23.7405 13.699 43.092
14.1645 39.9665 2.9925 36.575 8.8445 27.398
6.783 34.979 16.891 40.2325 4.921 43.5575
16.891 29.7255 6.8495 34.846 5.1205 46.949
5.1205 48.7445 9.7755 32.452 4.9875 40.831
13.167 42.0945 7.581 32.984 6.8495 38.038
6.1845 47.8135 9.31 47.9465 15.561 30.324
13.965 23.4745 12.103 47.4145 16.5585 40.166
6.251 40.0995 2.4605 39.9665 10.1745 29.127
4.921 26.6665 7.182 30.2575 2.0615 26.5335
14.63 33.915 7.7805 27.398 2.926 46.018
16.625 39.9665 5.187 48.146 15.96 39.0355
12.635 47.082 8.9775 41.0305 4.522 41.23
6.1845 25.137 13.3 42.3605 9.975 26.7995
3.192 36.5085 7.315 30.191 17.0905 28.728
2.1945 33.0505 10.3075 47.5475 14.364 39.0355
16.1595 33.25 7.847 35.644 12.9675 34.2475
2.128 32.2525 4.522 50.7395 11.571 26.2675
6.783 43.624 16.5585 33.1835 4.921 26.0015
4.9875 25.2035 9.9085 27.3315 13.8985 44.023
4.522 51.5375 11.6375 41.4295 7.182 34.3805
6.4505 47.6805 6.8495 34.7795 8.4455 43.2915
7.847 37.4395 14.0315 34.5135 8.379 44.289
1.5295 49.4095 13.566 48.013 6.9825 42.0945
15.295 35.0455 2.527 25.27 1.729 35.1785
2.261 26.9325 13.699 24.206 4.921 25.2035
9.443 37.772 16.891 36.9075 9.7755 41.0305
9.2435 47.481 6.7165 26.733 13.965 48.7445
2.261 36.176 7.98 29.0605 6.7165 24.6715
10.374 46.151 16.2925 23.4745 4.655 28.7945
8.379 37.772 11.97 25.2035 7.5145 40.3655
2.8595 40.3655 7.7805 31.7205 9.842 42.294
15.694 40.432 8.512 37.5725 9.443 47.88
11.2385 40.8975 7.7805 42.3605 16.1595 28.861
2.8595 29.526 2.66 26.6 13.433 40.4985
14.896 38.969 9.6425 46.949 13.832 47.5475
2.4605 40.033 14.497 34.846 11.571 43.358
6.8495 48.0795 5.453 49.6755 13.4995 47.8135
11.6375 31.787 15.96 26.4005 4.655 40.964
7.847 42.0945 13.4995 48.8775 12.502 25.137
13.4995 27.132 2.3275 41.097 9.2435 42.2275
11.3715 44.0895 2.926 35.8435 2.3275 31.92
15.827 26.1345 16.359 39.9665 15.7605 24.605
13.8985 39.634 7.5145 41.4295 6.8495 38.437
8.8445 34.9125 4.788 33.4495 9.709 38.437
8.8445 32.3855 9.842 25.004 9.3765 41.629
14.098 34.713 13.3665 46.284 2.8595 25.004
14.63 33.383 9.6425 39.9665 6.916 41.1635
16.891 28.728 1.9285 40.7645 3.059 32.6515
13.3665 42.6265 6.8495 43.2915 11.2385 25.0705
2.8595 40.2325 1.862 40.0995 15.6275 39.9665
1.7955 49.2765 9.044 32.053 6.783 43.1585
2.66 39.5675 11.438 27.4645 9.177 42.959
13.2335 46.4835 2.7265 32.984 3.3915 29.5925
13.3665 38.9025 7.581 41.23 2.0615 39.7005
7.581 38.2375 2.1945 32.585 16.0265 38.836
7.2485 30.3905 3.2585 32.452 8.778 40.299
14.497 37.506 2.128 43.0255 15.8935 28.5285
11.305 35.1785 4.522 41.895 6.4505 32.984
8.778 45.087 13.4995 42.0945 11.7705 46.7495
12.9675 35.644 1.9285 47.614 9.177 34.447
8.8445 40.7645 5.32 46.4835 10.241 48.0795
8.645 26.5335 9.5095 25.2035 12.901 41.9615
4.788 24.339 3.059 39.7005 15.827 34.7795
8.778 40.033 5.054 29.7255 11.438 25.6025
14.0315 23.674 13.3665 26.733 6.251 29.659
14.63 36.974 13.7655 34.447 8.9775 37.506
4.921 43.5575 1.9285 36.3755 7.847 26.999
12.103 48.811 16.492 23.6075 13.6325 39.5675
15.561 23.541 4.7215 26.201 8.113 32.7845
7.448 40.4985 13.3665 27.93 13.7655 47.8135
7.2485 45.486 16.8245 37.905 7.182 34.846
16.4255 31.388 1.6625 47.0155 16.2925 28.728
7.714 37.24 11.438 30.989 13.8985 36.974
15.0955 37.3065 16.758 39.368 2.926 46.8825
16.093 39.368 2.7265 25.669 12.635 47.1485
7.581 47.6805 16.4255 24.206 2.0615 49.343
15.694 23.4745 8.4455 24.9375 13.8985 34.9125
4.8545 42.028 7.3815 24.472 2.128 31.5875
15.162 33.7155 16.093 33.383 14.9625 39.0355
10.108 24.9375 14.364 24.738 2.1945 44.156
16.9575 38.9025 11.305 33.782 2.5935 25.403
13.6325 39.1685 4.5885 50.806 6.8495 42.4935
6.384 29.792 13.1005 33.7155 7.98 26.6665
14.098 34.7795 7.5145 42.6265 13.699 49.1435
3.2585 49.4095 4.8545 44.821 13.7655 25.0705
4.7215 42.028 8.0465 34.5135 1.6625 49.343
1.995 39.7005 11.2385 44.7545 9.975 24.6715
2.926 35.5775 7.1155 45.8185 11.571 48.412
2.66 28.6615 13.7655 42.3605 16.4255 30.9225
11.571 42.56 8.4455 27.132 5.32 48.545
7.049 45.8185 13.832 37.373 2.926 35.4445
9.443 48.146 10.7065 24.6715 8.4455 40.698
9.7755 30.3905 16.093 30.856 9.9085 41.496
8.5785 40.964 9.576 43.0255 17.0905 27.265
2.9925 26.4005 14.6965 34.58 13.566 49.1435
7.3815 34.9125 2.66 26.4005 17.024 36.974
14.9625 37.3065 16.226 34.846 2.1945 49.476
2.128 27.265 7.2485 44.422 7.2485 40.2325
8.113 32.718 7.2485 38.038 16.226 28.462
7.9135 33.117 12.236 48.3455 14.896 34.2475
8.778 40.4985 1.862 43.5575 12.7015 46.6165
7.714 44.422 6.783 48.2125 9.3765 42.6265
14.231 40.299 9.576 29.1935 12.5685 46.284
6.251 33.0505 3.325 39.8335 4.9875 26.1345
12.768 49.0105 7.847 26.6 8.0465 40.6315
7.448 44.4885 9.2435 43.8235 2.9925 43.1585
9.177 35.8435 9.6425 31.92 8.9775 37.5725
2.3275 34.713 4.7215 33.383 8.512 31.787
7.714 26.733 7.182 35.1785 9.443 42.959
3.192 36.043 6.0515 48.3455 16.8245 38.038
1.862 25.0705 2.9925 32.984 2.128 39.1685
16.1595 29.393 4.788 43.6905 15.4945 30.9225
3.2585 46.7495 7.6475 40.831 15.162 33.915
16.492 35.7105 2.8595 25.8685 7.1155 42.7595
9.31 26.4005 17.024 35.112 13.167 46.2175
8.246 42.427 11.172 43.2915 6.517 29.26
8.113 32.186 2.4605 41.1635 1.729 49.6755
8.7115 32.851 13.7655 37.506 11.704 46.4835
5.453 47.8135 8.7115 45.4195 7.98 48.146
2.5935 34.7795 9.044 47.481 10.241 24.871
7.2485 44.4885 2.1945 49.5425 1.7955 24.8045
12.8345 46.3505 14.6965 34.447 14.4305 37.373
9.177 32.585 1.862 25.004 4.788 48.279
2.926 34.7795 9.7755 37.905 4.5885 34.2475
4.788 40.6315 13.8985 26.733 2.5935 25.2035
16.492 24.206 8.512 33.1835 15.8935 28.462
13.566 49.1435 9.9085 41.6955 3.1255 35.644
15.3615 30.723 4.788 29.127 11.5045 26.068
4.9875 27.8635 14.098 43.9565 9.3765 34.846
6.783 47.614 1.862 39.634 2.1945 43.5575
16.1595 39.3015 3.2585 50.008 14.1645 24.605
8.113 32.6515 2.793 50.4735 8.113 44.954
14.497 37.506 9.576 27.1985 15.8935 35.112
16.4255 37.639 2.926 41.0305 9.709 35.4445
2.261 28.6615 4.7215 36.974 1.729 49.9415
5.1205 47.4145 11.7705 24.9375 6.251 40.831
11.3715 44.156 8.7115 24.605 15.96 29.925
6.8495 31.7205 8.246 44.555 2.66 28.6615
3.2585 36.176 5.054 49.742 4.9875 35.1785
7.714 40.698 2.527 29.4595 3.2585 42.826
14.4305 34.7795 7.581 41.5625 3.2585 44.023
16.0265 31.3215 8.7115 34.5135 13.1005 33.7155
5.3865 49.9415 8.645 43.225 6.4505 48.3455
2.527 46.151 4.921 50.407 2.793 39.4345
8.778 24.605 2.8595 36.708 6.251 35.3115
15.2285 35.378 13.566 47.2815 16.359 37.506
1.596 46.018 2.261 49.8085 7.6475 43.1585
2.1945 37.3065 6.8495 35.1785 2.8595 34.6465
7.9135 41.9615 6.118 25.004 8.7115 34.846
1.596 44.023 8.645 26.4005 2.5935 43.491
4.9875 43.8235 15.694 31.5875 13.7655 48.0795
8.246 35.1785 14.63 34.7795 7.581 40.432
3.192 39.368 11.7705 24.738 2.793 35.3115
16.9575 33.8485 8.7115 35.0455 7.315 26.7995
15.162 38.2375 7.7805 40.6315 13.965 40.166
12.901 24.605 4.655 32.3855 2.5935 32.718
16.1595 33.8485 4.8545 24.472 16.6915 29.659
13.034 33.3165 15.7605 26.9325 13.566 45.619
15.7605 31.787 2.4605 25.0705 10.1745 26.6
10.108 29.9915 3.458 25.27 1.862 31.8535
11.5045 43.4245 3.2585 47.215 1.9285 40.831
2.394 24.6715 15.694 30.058 8.0465 39.9
7.5145 37.5725 2.128 35.0455 9.709 34.7795
9.044 34.58 9.7755 29.3265 14.0315 42.294
14.497 37.0405 7.98 38.171 13.3 39.634
15.694 30.7895 12.9675 42.959 3.1255 40.0995
3.192 49.2765 4.8545 44.289 11.438 37.7055
10.108 27.398 8.3125 32.2525 13.1005 27.5975
4.921 42.6265 15.694 31.5875 7.9135 47.9465
13.8985 40.3655 8.0465 29.3265 11.438 44.422
2.793 36.2425 2.128 25.403 3.059 24.339
6.1845 47.6805 9.3765 43.2915 8.0465 27.265
2.394 37.1735 3.3915 36.841 10.241 24.6715
7.98 26.733 7.182 30.058 8.5785 38.038
17.024 38.304 7.1155 43.2915 9.31 28.994
8.778 37.1735 8.379 26.733 2.394 40.698
1.7955 51.072 13.7655 39.5675 8.5785 43.092
9.576 43.4245 16.226 38.304 16.891 30.7895
8.9775 27.5975 14.497 39.4345 16.891 23.4745
11.438 43.89 5.187 51.0055 16.093 38.304
11.305 24.871 7.182 44.023 13.699 39.5675
2.128 40.8975 11.3715 43.2915 3.059 40.831
6.9825 38.304 2.0615 27.1985 13.832 40.432
8.645 35.511 7.1155 35.4445 6.7165 32.9175
2.793 43.491 16.0265 39.501 10.241 46.7495
6.783 42.8925 13.3 29.127 16.2925 38.969
4.921 39.0355 16.9575 33.5825 4.7215 47.9465
8.512 42.7595 13.6325 24.1395 10.0415 29.0605
14.5635 39.767 14.231 37.905 8.246 38.1045
8.1795 27.398 4.921 24.6715 15.6275 29.26
12.236 24.605 8.8445 27.4645 2.66 27.265
1.729 24.4055 16.758 37.4395 7.7805 45.2865
7.1155 29.792 9.842 47.6805 2.1945 32.718
14.098 48.2125 13.699 42.0945 4.9875 26.068
4.4555 51.4045 13.832 34.9125 11.438 40.3655
1.729 27.3315 1.596 41.4295 6.65 39.9
6.7165 41.2965 15.4945 26.2675 7.5145 44.821
2.128 32.7845 2.0615 27.1985 2.9925 28.7945
16.758 35.378 7.6475 41.5625 14.763 39.634
13.034 26.6 13.965 45.22 15.0955 38.437
11.9035 47.5475 4.9875 36.575 11.7705 24.9375
2.1945 25.27 7.5145 42.427 2.7265 40.7645
2.7265 50.274 16.093 37.3065 14.1645 39.8335
12.3025 47.082 15.8935 26.334 11.5045 24.472
4.522 41.23 15.2285 39.9665 9.975 27.797
9.177 44.023 2.394 40.166 16.9575 24.1395
12.901 40.4985 2.261 48.811 10.0415 26.999
8.113 39.9665 2.8595 48.811 9.7755 47.8135
8.5785 29.26 2.8595 26.866 2.926 47.5475
15.694 30.3905 7.2485 37.3065 2.7265 39.7005
16.5585 37.107 7.182 42.4935 1.7955 36.309
7.1155 41.5625 1.729 50.0745 10.374 46.151
16.4255 26.4005 8.5785 45.087 2.66 40.6315
7.2485 40.831 1.7955 47.348 7.448 37.506
13.8985 40.166 8.9775 27.797 5.054 24.339
3.1255 39.501 15.428 34.6465 15.96 39.0355
13.699 35.0455 2.1945 25.536 9.9085 37.9715
6.9825 32.186 8.379 29.9915 14.0315 24.871
6.9825 35.378 8.0465 43.6905 11.305 25.2035
10.108 32.053 8.0465 44.3555 6.9825 47.8135
4.5885 40.831 2.1945 26.2675 16.2925 31.5875
6.65 41.23 4.9875 26.7995 15.561 37.1735
7.448 42.427 2.4605 44.023 7.714 43.9565
10.241 46.018 8.246 24.871 11.6375 33.8485
10.0415 30.058 12.0365 48.279 13.832 35.245
9.842 26.5335 3.059 43.2915 9.7755 32.1195
9.1105 42.294 6.65 26.9325 2.5935 46.417
13.8985 24.0065 2.0615 46.7495 16.5585 31.5875
4.7215 50.6065 13.6325 39.4345 13.566 26.467
16.5585 39.501 8.7115 42.826 3.059 29.26
16.2925 34.1145 7.182 40.6315 17.0905 31.4545
13.4995 27.664 1.596 44.555 13.566 38.5035
9.5095 32.186 7.1155 26.4005 3.325 39.5675
1.862 46.816 9.3765 40.033 4.522 49.875
11.5045 38.038 1.995 32.5185 16.9575 24.738
11.6375 28.063 12.7015 48.944 7.7805 44.555
7.448 24.5385 9.7755 34.713 8.1795 40.698
16.093 29.127 9.3765 26.6 5.7855 48.279
16.1595 37.0405 1.9285 29.26 11.571 44.821
7.7805 24.6715 13.7655 33.1835 2.66 26.5335
8.1795 41.762 9.975 41.2965 2.793 26.334
7.7805 46.0845 7.847 32.3855 13.7655 34.979
2.793 29.1935 1.862 35.7105 16.5585 36.974
7.847 32.7845 9.1105 27.531 16.5585 40.0995
9.6425 40.698 16.2925 29.5925 11.438 43.0255
8.4455 43.358 16.226 26.6 4.4555 48.3455
10.3075 24.6715 15.694 38.171 7.98 40.299
16.5585 24.073 12.5685 47.4145 15.561 26.999
9.177 47.747 2.0615 32.585 3.458 27.132
6.517 27.4645 1.729 29.127 7.315 46.0845
4.921 39.1685 17.024 33.516 13.3 29.792
13.1005 42.2275 16.2925 39.634 6.0515 24.9375
2.8595 25.6025 16.226 39.368 15.694 26.467
13.566 47.082 10.374 25.2035 2.3275 47.215
9.6425 35.5775 7.1155 34.979 10.0415 47.4145
4.522 41.9615 6.916 42.2275 7.1155 40.0995
8.645 32.053 15.8935 37.373 13.1005 29.5925
11.704 30.59 6.3175 29.5925 8.778 44.555
1.9285 35.378 2.8595 37.107 13.965 37.506
7.182 48.3455 16.5585 30.9225 14.0315 49.1435
7.2485 44.3555 6.384 41.1635 2.0615 39.102
4.788 51.87 16.6915 31.7205 2.4605 49.2765
9.2435 38.2375 16.4255 24.4055 4.7215 26.9325
12.0365 25.137 8.645 30.3905 15.3615 37.24
8.8445 37.905 7.5145 35.777 11.571 40.565
4.921 49.21 6.118 47.614 15.827 40.3655
9.177 42.028 9.3765 37.772 2.793 44.422
2.926 35.5775 2.1945 26.7995 12.9675 39.8335
9.177 35.8435 6.251 35.0455 9.6425 26.5335
2.128 41.0305 15.6275 38.9025 13.566 42.693
16.359 31.521 3.1255 36.1095 12.9675 27.265
7.581 38.304 2.1945 24.8045 11.6375 27.93
8.246 39.8335 4.8545 50.8725 4.9875 46.8825
7.3815 31.9865 14.896 38.9025 15.96 30.59
2.8595 45.9515 4.8545 28.6615 4.7215 26.201
7.182 45.087 3.458 30.2575 9.177 25.137
3.192 50.2075 5.32 48.412 13.433 47.348
2.394 36.841 15.7605 26.733 2.3275 25.2035
16.758 39.7005 15.96 34.3805 13.2335 48.412
15.7605 24.738 11.305 39.1685 16.226 29.3265
9.1105 34.713 2.9925 49.2765 4.655 44.821
9.044 32.5185 6.384 27.0655 16.093 26.7995
4.8545 34.7795 6.783 37.373 5.9185 47.6805
8.512 42.6265 14.364 39.0355 7.581 28.994
16.8245 34.048 7.9135 34.5135 14.098 24.206
8.3125 42.2275 5.054 32.186 12.369 49.077
16.6915 30.6565 6.517 48.013 11.704 35.3115
7.5145 37.4395 11.6375 33.8485 4.5885 38.7695
11.704 26.7995 4.5885 45.619 13.832 35.0455
1.9285 25.0705 3.2585 36.2425 2.3275 29.925
9.975 46.7495 13.7655 45.486 4.9875 48.6115
9.443 48.0795 11.704 30.989 3.192 37.0405
16.1595 24.0065 15.7605 31.5875 2.527 32.851
14.0315 47.5475 4.921 47.88 2.3275 49.343
9.6425 29.9915 8.911 28.994 11.3715 29.4595
4.655 44.0895 5.054 27.3315 8.113 34.9125
2.0615 46.417 8.911 42.0945 15.0955 29.4595
15.7605 40.166 16.758 29.792 14.4305 36.9075
1.9285 25.6025 2.1945 39.767 16.4255 26.5335
2.394 41.2965 11.5045 28.462 11.3715 42.693
15.96 35.245 9.3765 37.0405 9.443 42.294
15.428 30.457 14.5635 34.9125 3.2585 29.4595
3.2585 40.033 3.059 28.861 7.315 40.033
2.3275 32.186 2.926 49.609 4.522 45.885
13.1005 46.284 1.995 34.58 15.827 29.526
11.2385 42.3605 3.1255 25.137 2.9925 36.6415
1.596 47.348 2.128 26.4005 4.655 34.1145
8.8445 29.3265 16.5585 38.57 6.783 29.792
2.9925 43.4245 3.325 39.634 1.7955 34.979
14.0315 45.4195 11.5045 28.861 6.384 34.7795
3.3915 35.9765 14.098 39.102 7.98 40.6315
11.704 48.0795 3.059 26.4005 15.162 30.324
14.896 39.9665 7.6475 43.9565 3.1255 25.802
6.783 43.1585 6.783 35.8435 9.3765 31.7205
8.1795 35.3115 11.704 24.9375 2.261 47.5475
9.842 37.4395 14.098 24.6715 7.448 37.9715
9.7755 42.56 13.566 25.0705 10.1745 46.151
7.7805 37.3065 1.995 31.521 2.128 46.55
16.891 31.1885 11.7705 47.2815 14.364 39.1685
1.729 40.8975 13.167 42.693 10.9725 24.9375
14.364 24.0065 2.793 49.476 2.261 44.2225
17.024 37.4395 15.7605 38.437 10.4405 24.738
7.315 42.826 8.8445 43.1585 4.5885 39.3015
16.5585 33.4495 2.128 39.368 13.2335 26.9325
13.3665 29.792 7.581 29.792 4.655 38.3705
12.9675 27.265 8.778 40.4985 14.63 37.0405
6.4505 25.137 2.66 28.9275 7.182 41.4295
7.049 42.693 13.433 39.102 7.049 32.3855
9.443 29.26 2.7265 26.733 9.2435 41.9615
7.5145 34.6465 3.325 25.3365 2.3275 35.1785
7.7805 25.004 15.2285 34.7795 5.2535 47.215
8.778 37.905 7.1155 25.137 9.044 43.092
16.2925 29.4595 11.3715 43.6905 16.226 26.334
2.926 51.0055 2.394 26.6 13.3665 46.3505
10.0415 31.7205 1.995 34.713 10.9725 44.555
14.497 39.767 4.655 40.299 15.827 29.7255
2.394 39.0355 13.167 25.2035 16.891 29.1935
4.5885 41.496 2.1945 24.738 8.4455 41.1635
16.9575 37.107 10.108 34.5135 11.438 28.462
4.655 38.9025 15.561 30.856 6.9825 30.191
9.6425 41.23 7.1155 34.314 13.8985 34.979
16.8245 35.3115 1.995 34.846 2.1945 31.9865
17.0905 30.723 6.7165 27.4645 9.3765 30.457
17.0905 24.9375 4.7215 24.738 4.7215 40.166
2.0615 39.235 11.837 46.3505 13.4995 46.3505
14.1645 39.3015 11.5045 27.4645 7.315 38.2375
16.758 34.979 15.96 26.1345 8.113 29.3265
9.443 39.7005 9.443 32.7845 2.394 46.151
6.65 35.777 4.5885 48.412 2.7265 32.186
2.8595 44.422 8.645 30.457 14.098 39.9665
6.783 34.58 15.694 28.595 2.3275 26.5335
7.315 37.7055 10.108 46.8825 14.763 34.9125
7.9135 45.486 5.187 49.476 11.571 30.9225
10.0415 27.398 15.7605 26.467 7.448 31.8535
2.66 46.683 12.901 49.1435 5.7855 24.9375
3.2585 36.6415 4.7215 45.619 16.758 29.1935
7.9135 32.2525 1.729 36.309 8.911 42.0945
3.458 33.1835 5.985 47.747 10.108 35.8435
3.2585 35.112 11.6375 30.7895 11.6375 47.9465
12.8345 46.683 13.167 26.4005 3.2585 37.4395
1.6625 43.1585 8.5785 43.491 11.571 44.6215
8.5785 26.733 12.236 48.6115 6.8495 32.718
4.9875 48.4785 13.6325 43.6905 3.192 45.885
2.261 43.358 4.5885 39.7005 11.837 24.472
14.896 37.7055 10.108 47.082 15.694 34.181
7.847 40.432 2.8595 31.7205 4.9875 25.0705
7.3815 32.851 2.261 37.3065 4.8545 44.156
11.3715 32.2525 1.9285 29.792 15.694 30.2575
11.5045 39.368 6.783 48.3455 7.1155 27.5975
6.384 26.5335 7.98 24.738 13.1005 39.5675
1.729 28.728 1.7955 25.2035 7.182 30.058
1.862 24.9375 4.7215 46.0845 7.1155 35.112
5.187 25.137 8.911 39.767 4.5885 33.649
16.226 31.787 12.8345 43.757 8.379 45.4195
2.3275 40.166 7.182 45.0205 14.5635 39.368
1.7955 44.2225 4.921 50.6065 3.2585 33.25
4.655 49.0105 4.788 24.5385 6.7165 25.004
12.901 40.432 7.182 35.4445 15.7605 38.038
9.177 42.56 4.7215 33.516 3.1255 36.575
1.7955 47.5475 11.571 43.5575 7.049 42.0945
8.3125 42.427 6.783 43.624 16.625 33.782
10.9725 44.821 16.1595 29.0605 3.325 39.235
8.379 44.2225 16.1595 37.5725 2.66 32.186
5.3865 46.417 2.9925 34.846 1.7955 37.1735
13.6325 41.895 16.1595 34.979 4.921 40.2325
4.921 28.994 6.8495 26.7995 10.4405 24.871
4.655 41.0305 14.63 34.3805 11.6375 42.028
6.7165 32.6515 4.788 32.718 4.921 40.8975
1.862 32.186 4.788 24.871 13.4995 26.4005
11.438 27.664 12.9675 46.284 2.3275 44.3555
8.4455 40.831 11.039 25.0705 2.261 35.644
11.9035 48.4785 1.729 43.1585 11.571 38.1045
7.315 41.23 3.192 43.5575 6.9825 45.8185
8.778 44.688 13.6325 43.9565 4.921 29.3265
15.96 38.969 9.842 46.683 9.9085 41.629
4.921 45.087 7.9135 43.491 13.034 26.6665
7.581 35.3115 15.2285 38.57 9.709 26.999
8.645 24.9375 10.108 27.1985 3.2585 29.393
15.827 23.94 3.325 43.2915 12.901 43.757
4.9875 26.4005 2.0615 36.1095 13.433 24.6715
8.5785 34.713 7.581 30.191 9.1105 40.4985
2.394 32.9175 4.9875 42.0945 8.5785 40.033
5.054 46.4835 7.5145 27.797 7.847 33.0505
4.921 41.895 8.4455 32.585 12.9675 43.8235
15.7605 38.304 14.1645 42.6265 8.5785 42.959
2.128 28.728 7.448 30.324 13.6325 42.4935
8.0465 38.437 11.438 40.3655 15.694 30.5235
9.975 25.004 2.7265 28.9275 2.128 43.1585
16.359 29.1935 4.788 49.5425 6.65 29.792
7.448 27.1985 9.5095 27.7305 1.9285 51.0055
8.4455 31.92 8.0465 42.8925 9.7755 29.26
6.9825 40.3655 2.261 45.885 12.236 47.9465
13.034 48.6115 16.359 37.905 13.566 34.314
2.9925 29.5925 2.926 43.6905 7.581 32.6515
10.1745 26.733 6.8495 37.1735 9.044 29.9915
2.8595 32.851 7.9135 44.156 4.7215 45.752
4.9875 24.8045 4.921 28.6615 13.4995 45.8185
16.4255 34.2475 15.162 28.5285 15.3615 30.989
8.8445 31.9865 2.3275 28.994 8.113 45.0205
5.32 48.7445 14.896 37.5725 16.625 29.792
9.709 43.092 3.1255 44.4885 9.709 48.146
8.8445 42.294 6.5835 35.7105 4.4555 49.21
15.6275 24.8045 4.7215 31.5875 15.827 31.92
15.295 38.836 8.7115 47.5475 9.044 43.1585
9.5095 43.358 16.758 35.378 1.729 37.373
6.9825 29.393 8.911 44.023 15.6275 24.2725
15.827 27.132 15.3615 35.3115 2.5935 51.072
12.4355 47.88 13.4995 45.8185 8.7115 42.028
16.9575 24.339 7.9135 38.5035 2.5935 31.8535
2.8595 31.8535 16.1595 30.5235 15.4945 38.437
2.9925 26.999 13.8985 45.885 1.995 31.654
14.2975 33.383 13.3665 49.1435 12.901 46.0845
2.527 24.605 5.32 49.077 15.0955 31.7205
14.098 41.762 2.7265 41.1635 7.714 27.7305
13.7655 42.8925 7.847 30.3905 15.4945 34.6465
1.862 31.92 9.443 31.7205 7.7805 47.9465
8.7115 29.9915 4.522 45.8185 8.0465 35.644
3.059 24.8045 16.1595 30.7895 2.527 51.072
4.522 47.481 15.561 26.334 1.7955 24.871
9.576 41.629 8.8445 43.092 2.527 46.3505
5.7855 48.0795 1.9285 39.7005 1.5295 47.481
10.374 24.8045 1.995 41.23 4.921 40.299
13.034 42.693 8.1795 24.605 6.783 42.161
8.645 41.8285 8.911 44.821 11.571 32.9175
6.5835 48.013 16.0265 24.5385 6.251 40.698
3.059 43.092 15.428 29.526 10.906 44.821
9.842 47.082 2.128 51.0055 6.3175 41.0305
13.6325 38.304 7.9135 31.9865 8.3125 40.8975
5.32 47.1485 4.5885 49.6755 7.9135 27.132
16.758 24.339 15.3615 31.255 6.8495 29.4595
8.113 35.4445 11.6375 28.063 7.049 43.624
2.4605 49.4095 15.295 39.235 4.4555 48.0795
4.655 24.738 16.891 30.7895 8.7115 40.0995
13.566 26.7995 4.655 30.457 15.029 37.107
17.024 24.5385 8.7115 37.107 9.9085 46.3505
2.926 25.7355 2.128 43.8235 11.5045 32.452
9.3765 41.363 7.6475 47.747 15.6275 26.866
4.921 35.644 15.561 36.974 13.4995 42.028
7.581 41.097 11.5045 38.6365 11.5045 33.3165
13.034 49.1435 2.8595 46.683 11.5045 26.5335
1.596 46.816 2.527 24.605 1.995 48.811
8.7115 26.999 15.0955 27.265 2.0615 46.284
7.714 25.0705 2.5935 45.9515 2.8595 39.634
6.65 29.659 2.0615 46.417 8.4455 37.905
10.1745 46.417 4.655 31.521 13.034 39.9
16.8245 23.94 15.561 26.7995 15.0955 37.3065
10.108 25.2035 4.5885 49.742 1.7955 40.7645
10.0415 47.614 8.379 27.4645 11.5045 28.6615
8.0465 32.3855 5.054 25.6025 11.6375 31.7205
10.0415 31.8535 1.729 39.9665 7.6475 29.659
2.793 24.871 7.581 43.1585 7.6475 38.5035
8.246 26.999 2.7265 48.944 7.7805 44.0895
13.034 33.782 7.182 41.2965 4.788 34.979
9.443 41.097 16.226 34.58 3.2585 46.4835
9.6425 48.279 11.571 30.6565 2.1945 25.27
3.059 32.319 2.8595 36.442 7.5145 32.984
13.7655 26.7995 15.694 31.654 16.4255 29.1935
13.2335 39.8335 12.9675 49.0105 16.758 26.6
5.32 47.9465 9.7755 27.132 14.5635 38.836
8.3125 30.324 2.66 24.472 4.655 39.235
8.1795 41.895 2.394 28.595 11.7705 46.4835
2.3275 28.7945 3.1255 35.0455 4.9875 24.4055
2.66 40.033 14.6965 40.4985 9.5095 26.9325
1.995 29.925 8.7115 48.146 9.3765 35.8435
8.9775 43.6905 13.699 35.1785 14.8295 39.4345
2.926 29.3265 13.433 27.531 11.438 41.2965
4.8545 34.2475 8.1795 34.3805 9.5095 27.398
14.364 34.048 7.2485 33.0505 2.7265 32.319
7.9135 26.467 2.8595 28.994 7.7805 39.7005
12.7015 49.1435 10.374 46.3505 1.995 24.6715
14.497 38.969 11.438 39.3015 14.9625 34.979
12.502 47.4145 7.448 26.9325 16.8245 26.4005
9.975 40.7645 1.7955 36.6415 1.6625 47.348
8.3125 34.5135 7.9135 37.3065 8.9775 47.5475
7.2485 44.954 2.4605 26.2675 15.694 33.383
11.305 37.24 4.522 46.2175 4.8545 39.7005
8.7115 40.033 15.8935 29.8585 15.295 28.7945
2.3275 27.265 11.5045 36.7745 1.9285 32.585
13.699 35.4445 7.6475 40.166 15.3615 30.1245
11.704 31.7205 1.995 36.442 4.788 46.151
8.4455 43.4245 4.788 26.866 1.6625 49.609
11.3715 43.8235 16.891 39.7005 11.571 28.2625
15.4945 26.6 1.6625 50.008 11.172 43.89
15.162 33.25 10.0415 31.8535 9.7755 35.7105
13.3665 33.8485 1.995 28.5285 7.6475 32.3855
8.246 26.7995 2.261 24.339 3.192 46.8825
11.6375 32.5185 12.9675 24.871 9.576 42.693
15.3615 34.181 3.1255 50.008 8.246 24.605
16.6915 28.462 2.0615 25.27 3.192 43.5575
15.6275 38.5035 14.2975 33.5825 15.7605 31.4545
8.911 37.24 7.714 44.422 6.384 48.2125
2.7265 40.565 8.8445 34.3805 9.576 37.107
11.6375 34.713 2.7265 37.4395 4.655 41.9615
14.8295 39.7005 9.443 29.393 10.1745 27.132
7.6475 32.984 5.453 47.88 5.187 24.9375
6.5835 26.467 14.0315 40.2325 2.5935 40.2325
9.044 27.3315 7.315 37.3065 13.566 49.077
7.7805 37.3065 13.566 34.314 16.0265 33.383
13.6325 24.0065 16.2925 38.038 4.788 28.3955
7.9135 45.0205 6.251 32.718 6.8495 27.132
4.5885 44.3555 16.8245 37.5725 15.694 34.6465
3.2585 29.1935 3.3915 32.9175 8.7115 25.137
4.9875 48.811 11.6375 40.166 1.7955 37.373
7.98 40.0995 4.8545 47.614 16.1595 26.7995
10.0415 38.171 8.379 39.9665 16.093 30.7895
9.975 40.166 13.4995 29.9915 13.965 41.895
8.8445 30.2575 2.66 34.9125 4.8545 31.4545
7.6475 29.393 7.049 35.777 1.862 25.802
16.359 35.0455 9.975 32.851 4.788 25.7355
14.763 33.25 8.0465 34.314 4.522 40.565
6.9825 26.5335 9.6425 38.304 2.4605 40.2325
14.1645 43.0255 16.8245 31.654 2.394 49.6755
14.098 33.782 16.226 33.383 7.182 32.1195
15.694 34.9125 8.246 45.353 9.709 29.127
7.581 44.8875 12.9675 33.516 16.1595 39.8335
1.9285 40.6315 14.098 42.693 1.6625 50.4735
10.0415 37.9715 14.5635 33.782 9.9085 25.2035
9.842 42.6265 4.7215 30.9225 4.9875 33.516
8.7115 35.5775 8.379 26.6665 2.527 31.5875
7.6475 45.752 9.7755 41.097 8.9775 29.659
16.0265 24.206 14.2975 23.408 1.995 50.54
7.448 37.5725 14.364 33.782 16.625 39.634
2.527 39.9 11.3715 38.437 16.492 38.703
14.2975 40.0995 4.9875 49.2765 1.6625 40.7645
16.4255 31.3215 7.9135 27.5975 11.438 28.063
16.4255 23.674 9.1105 27.1985 13.699 37.1735
4.9875 31.8535 16.6915 31.1885 7.6475 44.156
7.5145 24.871 2.8595 49.6755 11.3715 25.27
1.9285 39.9 4.9875 49.9415 14.5635 34.1145
15.295 29.792 15.2285 26.866 2.793 49.875
9.709 29.526 14.9625 39.102 12.9675 48.2125
16.758 31.3215 8.8445 35.0455 7.7805 42.2275
3.325 29.8585 2.8595 46.417 16.093 38.2375
8.379 32.1195 13.6325 37.7055 16.492 38.038
7.5145 34.6465 2.4605 37.1735 2.4605 40.0995
13.433 29.4595 14.763 36.9075 3.1255 50.274
3.3915 27.265 8.778 41.1635 2.128 34.979
9.31 48.013 4.522 50.7395 14.2975 34.2475
2.4605 44.289 9.5095 32.3855 14.0315 24.738
11.305 39.9665 11.3715 28.329 13.4995 45.885
16.758 29.1935 10.0415 46.7495 7.182 47.9465
7.581 24.871 14.364 24.2725 6.8495 44.6215
6.251 24.8045 2.394 24.871 13.433 40.166
2.261 31.9865 12.4355 48.7445 2.3275 25.0705
2.4605 30.191 14.0315 37.772 9.3765 35.7105
4.522 48.7445 1.995 43.2915 4.9875 41.363
16.5585 38.1045 4.522 43.491 7.049 26.9325
14.0315 46.7495 13.8985 23.408 7.182 24.5385
2.4605 38.969 2.793 49.6755 9.9085 37.506
12.635 46.683 13.8985 37.3065 7.9135 41.097
4.7215 50.008 13.433 33.7155 7.5145 40.8975
6.4505 34.846 1.729 26.866 2.0615 30.2575
15.7605 39.1685 16.5585 33.9815 1.5295 47.481
7.315 43.225 4.7215 46.151 16.6915 33.915
4.9875 25.8685 8.5785 42.0945 9.31 40.166
17.024 40.4985 11.2385 40.299 2.5935 47.348
16.2925 39.9 9.6425 47.348 11.704 30.856
1.7955 44.422 6.4505 31.92 14.896 33.7155
16.359 23.541 9.443 39.7005 7.315 46.018
6.4505 35.3115 9.576 33.0505 9.31 39.767
11.3715 38.038 16.9575 35.5775 2.7265 49.6755
4.9875 39.4345 8.8445 41.629 8.512 29.7255
11.5045 30.191 15.6275 29.26 14.63 38.57
9.31 43.2915 8.9775 40.964 12.9675 26.733
7.847 45.0205 10.374 46.6165 16.625 31.3215
17.0905 29.9915 8.3125 27.664 16.359 33.7155
8.246 38.038 5.453 50.274 16.226 26.467
6.8495 47.88 9.1105 24.738 7.182 24.8045
14.4305 37.506 8.379 34.447 16.9575 34.048
4.921 36.6415 13.167 48.412 16.6915 31.654
17.024 29.4595 14.0315 43.624 11.438 39.235
7.315 29.3265 13.832 47.2815 3.3915 28.7945
9.443 27.664 9.9085 31.7205 4.655 32.7845
17.024 39.501 13.965 34.713 13.2335 48.3455
4.5885 36.1095 3.059 35.644 2.5935 26.4005
15.827 38.969 2.128 25.6025 6.3175 25.0705
8.645 29.8585 9.709 32.186 4.8545 47.614
8.113 47.88 9.3765 40.7645 4.8545 41.629
2.394 25.2035 7.448 42.8925 4.522 46.4835
2.5935 51.1385 8.512 45.752 13.8985 35.245
4.655 28.3955 7.3815 45.4195 3.325 32.319
2.9925 32.5185 3.1255 48.944 2.527 47.1485
7.315 41.629 8.911 29.4595 9.1105 44.422
8.9775 24.9375 13.3665 34.5135 8.113 42.7595
4.9875 24.5385 5.054 48.811 4.522 44.156
7.6475 35.777 9.576 26.6 7.714 44.2225
4.921 31.8535 15.96 24.605 8.379 48.3455
13.832 48.8775 16.625 24.206 4.788 27.664
14.763 37.772 7.581 44.0895 11.2385 40.033
3.192 45.885 10.5735 44.8875 13.3 40.432
16.9575 29.4595 7.448 34.846 3.3915 28.994
15.7605 31.92 15.428 28.462 13.1005 43.2915
16.891 33.383 5.054 27.265 13.8985 46.3505
9.6425 26.4005 8.0465 42.8925 11.9035 49.077
15.0955 26.5335 7.7805 37.506 10.374 47.481
15.561 35.1785 14.63 40.2325 2.5935 43.491
5.187 47.8135 13.1005 27.93 7.847 43.1585
11.571 30.1245 5.187 48.279 6.384 29.3265
12.1695 47.747 5.3865 48.944 11.438 33.3165
15.827 24.472 13.7655 43.225 4.8545 36.575
7.448 37.506 2.128 31.7205 7.448 40.831
16.6915 39.9 13.832 39.7005 2.7265 46.0845
9.3765 40.299 2.261 24.605 15.3615 37.9715
8.1795 45.885 8.379 39.9665 10.8395 44.422
11.305 42.427 16.0265 37.107 5.054 24.472
1.7955 39.3015 15.561 28.994 4.8545 36.841
3.1255 39.634 7.2485 42.4935 9.6425 29.925
11.5045 34.447 9.177 43.8235 9.1105 29.5925
14.63 37.506 4.788 41.629 10.108 30.457
4.788 46.3505 10.7065 44.8875 8.246 45.5525
8.7115 45.1535 13.566 43.89 6.8495 32.585
13.034 33.3165 6.916 39.9 6.517 27.531
4.788 33.915 8.1795 34.846 6.7165 27.0655
9.709 29.659 4.7215 26.0015 16.5585 37.1735
12.103 46.6165 3.325 29.0605 9.177 27.132
7.182 35.8435 10.0415 34.58 7.2485 32.851
4.522 44.023 16.359 34.1145 13.4995 47.614
16.359 35.0455 13.1005 46.55 15.3615 39.8335
9.044 42.4935 3.192 47.614 13.034 33.1835
9.1105 43.757 7.5145 37.506 15.4945 33.4495
16.9575 23.541 15.2285 29.8585 8.379 25.2035
12.8345 42.294 11.305 44.555 17.024 34.181
2.926 25.802 11.5045 31.3215 4.5885 50.806
4.9875 38.304 11.5045 40.166 13.167 33.8485
3.059 41.4295 11.5045 27.7305 15.7605 28.994
16.2925 26.4005 2.4605 40.299 1.9285 46.2175
11.3715 43.9565 17.024 37.506 6.3175 29.3265
9.3765 38.437 4.8545 34.713 14.63 37.8385
9.709 25.0705 8.7115 40.3655 11.3715 37.905
13.034 26.6665 7.1155 41.895 14.1645 47.481
6.8495 37.24 16.2925 29.393 15.6275 34.447
3.2585 47.082 7.714 43.225 16.359 38.437
7.315 37.7055 8.3125 24.472 8.246 29.792
5.719 25.137 16.2925 26.1345 12.768 48.678
3.2585 30.2575 14.497 33.1835 4.8545 25.004
2.66 40.3655 3.2585 28.861 16.2925 35.378
17.024 35.112 17.024 29.4595 7.1155 40.7645
13.965 38.3705 15.561 40.299 3.3915 28.7945
15.827 36.9075 7.714 27.797 15.3615 34.713
16.5585 30.59 4.7215 41.629 15.0955 37.373
13.566 27.398 14.5635 37.905 13.4995 39.235
10.0415 40.698 7.581 44.3555 11.571 29.0605
10.108 37.373 13.832 43.9565 17.024 33.649
6.783 42.3605 16.4255 34.713 13.7655 34.3805
9.975 41.1635 2.1945 43.491 9.7755 25.004
4.788 31.7205 16.359 38.6365 1.7955 50.0745
13.7655 45.6855 2.926 50.6065 3.192 39.5675
9.6425 35.8435 7.1155 34.58 8.7115 32.053
3.3915 32.7845 15.827 31.3215 11.1055 24.738
3.325 28.5285 11.571 40.3655 13.3665 33.9815
2.5935 29.26 16.891 26.4005 14.231 24.8045
4.788 51.9365 16.9575 40.0995 11.704 34.3805
8.645 27.265 15.029 39.102 2.394 41.496
9.044 44.555 4.8545 42.8925 8.512 34.713
16.226 37.8385 14.231 38.9025 7.9135 27.0655
15.8935 31.92 11.438 29.5925 8.113 40.0995
6.1845 48.279 8.911 35.8435 10.0415 33.0505
7.448 45.885 3.3915 32.186 4.788 38.2375
9.31 24.871 6.7165 48.279 2.5935 26.0015
4.788 32.3855 8.778 42.0945 6.3175 32.585
7.6475 34.7795 16.0265 33.516 3.3915 31.92
11.5045 30.856 13.7655 27.398 1.9285 32.1195
15.0955 30.324 7.5145 38.171 9.975 34.58
2.3275 36.442 14.6965 40.166 13.7655 48.811
6.3175 32.5185 11.5045 36.5085 3.325 36.3755
4.9875 41.5625 12.3025 47.348 5.2535 49.5425
2.4605 40.4985 14.4305 33.649 13.832 48.279
7.315 29.5925 9.5095 38.2375 16.1595 38.6365
11.704 26.467 13.566 38.171 12.7015 48.146
1.6625 39.5675 15.561 33.3165 4.788 44.422
11.5045 31.654 8.379 37.7055 13.2335 33.5825
14.0315 47.614 2.527 50.806 4.788 49.343
7.182 47.88 3.059 37.1735 9.5095 40.831
13.2335 42.826 12.103 46.6165 13.7655 37.24
11.5045 29.526 1.862 39.634 4.522 45.885
1.995 40.3655 7.98 37.8385 14.6965 34.048
6.9825 24.605 16.0265 30.058 8.512 42.161
5.054 26.068 15.295 39.1685 11.1055 24.6715
13.965 37.5725 9.975 40.299 2.9925 43.1585
1.9285 42.826 2.0615 24.472 2.7265 36.1095
7.049 27.265 2.4605 30.191 2.793 32.9175
1.729 39.9 5.32 47.5475 8.3125 48.3455
5.852 46.949 12.7015 47.9465 2.926 39.7005
9.1105 37.0405 13.566 43.2915 16.093 24.871
2.3275 29.792 4.7215 52.003 15.96 34.9125
12.901 41.895 16.226 35.112 9.709 42.56
7.448 32.585 6.9825 29.1935 9.709 47.747
4.8545 25.0705 2.793 46.6165 4.8545 46.417
9.31 41.629 4.9875 39.0355 3.192 46.018
2.4605 28.6615 7.581 35.511 11.438 43.624
8.645 43.092 13.8985 42.693 10.1745 31.787
4.5885 49.343 14.0315 48.2125 11.704 31.654
11.571 25.004 7.448 29.792 8.9775 35.4445
4.921 33.0505 7.714 40.4985 1.729 31.92
2.66 39.3015 16.0265 33.5825 11.704 24.5385
9.9085 41.895 16.891 38.5035 16.492 31.3215
7.5145 42.959 13.566 39.368 10.64 25.004
13.832 43.757 11.3715 41.895 3.458 25.802
14.9625 34.447 13.832 24.339 7.7805 25.004
5.187 49.343 7.1155 27.5975 2.3275 39.7005
9.576 35.644 9.975 37.9715 9.3765 42.6265
8.1795 44.688 6.4505 29.7255 11.571 33.8485
11.305 40.4985 13.2335 24.6715 4.8545 40.299
7.581 37.24 7.7805 44.954 8.1795 34.58
4.921 38.3705 10.1745 31.787 7.5145 34.6465
8.9775 26.5335 2.0615 31.521 2.5935 43.358
14.896 39.368 5.3865 49.2765 2.7265 46.417
6.9825 27.5975 7.3815 24.8045 15.8935 39.7005
15.8935 24.0065 2.5935 43.358 10.3075 46.8825
15.6275 33.9815 13.6325 37.24 9.443 47.1485
11.571 34.5135 8.246 44.0895 3.325 38.7695
8.4455 32.585 4.9875 38.3705 15.694 30.5235
8.8445 30.1245 2.3275 50.407 2.394 32.452
17.024 30.058 1.995 25.3365 13.4995 26.7995
15.96 29.5925 14.763 33.25 6.65 41.0305
15.8935 26.2675 15.827 29.659 1.9285 32.984
8.3125 26.5335 14.231 33.4495 13.2335 48.944
10.8395 44.289 4.5885 35.4445 7.2485 29.526
15.8935 31.1885 8.3125 43.092 9.443 27.7305
4.921 46.683 8.246 42.4935 2.7265 34.5135
2.9925 36.3755 7.049 32.851 7.315 24.871
7.049 43.9565 9.1105 42.826 8.379 24.8045
6.65 31.92 12.4355 46.683 2.261 50.8725
15.6275 29.7255 9.3765 41.9615 8.7115 29.925
2.926 39.9665 14.098 42.3605 7.1155 42.294
9.177 41.1635 2.793 26.733 13.3665 43.4245
8.778 43.092 16.758 37.5725 14.0315 38.9025
4.8545 36.2425 10.1745 46.8825 7.448 48.279
7.2485 32.3855 11.172 43.5575 9.443 38.038
11.6375 42.959 7.3815 35.3115 13.965 37.506
6.3175 34.314 1.596 47.215 10.0415 25.004
4.655 48.7445 4.788 34.1145 11.6375 31.388
2.7265 26.467 5.054 30.5235 9.6425 32.7845
9.177 41.23 9.576 31.7205 16.6915 33.3165
7.847 27.5975 4.9875 41.9615 9.9085 34.7795
2.527 34.58 6.8495 45.353 2.8595 28.994
11.571 35.112 15.0955 39.9 7.3815 42.294
8.246 41.097 4.8545 49.4095 1.7955 48.8775
1.9285 43.757 16.6915 38.7695 12.9675 43.9565
4.8545 41.4295 11.438 34.447 4.8545 28.595
9.177 29.1935 1.995 43.624 8.778 26.999
8.645 40.2325 17.024 24.1395 11.704 31.4545
11.6375 37.905 6.9825 26.4005 9.7755 29.393
9.443 40.8975 9.2435 38.437 4.4555 51.072
14.231 39.102 2.9925 35.0455 15.561 34.3805
16.8245 40.3655 11.9035 46.151 7.049 24.738
6.8495 41.895 6.517 25.137 8.1795 34.58
8.113 47.6805 8.7115 30.2575 6.8495 37.4395
11.305 43.092 13.1005 24.9375 7.3815 43.491
4.921 43.1585 11.704 49.1435 8.778 37.3065
4.788 31.255 1.729 40.7645 8.113 43.624
2.1945 28.6615 10.9725 44.688 2.9925 49.0105
15.4945 26.866 15.4945 40.3655 8.246 29.9915
7.9135 42.8925 15.827 24.2725 2.1945 37.24
5.054 46.683 8.7115 42.2275 6.8495 26.866
15.2285 34.713 14.763 37.8385 9.7755 48.0795
9.6425 30.324 16.359 26.6665 12.9675 42.427
13.4995 38.2375 7.049 29.526 4.7215 51.737
6.5835 40.432 9.044 27.132 7.714 43.624
11.571 29.4595 9.709 41.2965 12.0365 46.2175
9.975 27.3315 13.3 29.7255 8.0465 26.733
7.98 40.831 13.167 46.8825 15.0955 39.4345
11.3715 31.654 16.359 31.4545 7.182 43.2915
1.9285 27.0655 8.645 29.792 11.704 31.8535
6.8495 47.88 14.896 39.9 1.6625 36.841
1.729 29.9915 6.251 29.0605 2.66 30.2575
14.763 34.1145 15.295 29.7255 4.9875 30.59
9.443 38.171 2.527 49.077 15.029 36.974
8.4455 45.1535 6.8495 30.1245 11.571 41.5625
2.793 36.708 9.3765 27.398 8.512 34.58
8.911 37.506 7.7805 40.432 16.5585 28.9275
11.6375 33.9815 11.039 44.4885 13.965 39.0355
2.8595 36.1095 8.4455 24.9375 8.7115 29.26
9.3765 34.979 13.433 34.314 8.9775 43.5575
2.3275 43.2915 3.2585 28.9275 5.1205 47.215
4.7215 45.885 8.7115 47.6805 3.1255 50.4735
11.5045 24.9375 1.862 24.6715 4.7215 32.9175
2.793 31.787 4.655 42.427 8.8445 40.3655
1.9285 41.1635 15.96 26.1345 2.8595 46.7495
4.8545 40.299 13.566 43.4245 8.7115 48.3455
7.9135 32.3855 5.2535 50.806 15.7605 33.9815
12.236 48.0795 14.896 39.767 7.049 40.565
9.5095 25.2035 17.0905 28.9275 2.394 30.058
2.0615 39.4345 9.709 27.132 16.625 34.713
8.7115 32.7845 7.2485 29.5925 2.3275 33.1835
16.9575 24.4055 16.891 35.378 2.926 32.2525
8.512 48.2125 14.4305 39.7005 13.965 49.077
2.3275 29.792 7.3815 48.2125 15.694 36.974
15.827 33.25 2.128 51.0055 7.847 41.363
3.1255 41.4295 7.7805 31.787 11.571 26.6665
9.1105 40.3655 6.65 29.26 16.758 39.3015
5.2535 47.481 7.98 32.186 2.7265 47.348
8.911 24.738 2.5935 33.1835 16.359 39.7005
2.4605 49.476 14.0315 39.7005 9.31 27.3315
4.7215 41.6955 16.9575 39.102 9.31 37.0405
15.8935 29.9915 7.2485 35.245 9.6425 43.358
15.4945 31.92 7.182 41.1635 7.581 42.4935
4.9875 26.5335 14.497 38.57 9.3765 40.565
15.7605 29.792 7.3815 26.467 7.7805 43.1585
3.1255 26.0015 16.8245 23.94 9.3765 43.491
14.364 37.7055 6.9825 26.7995 3.192 32.319
13.3665 39.235 10.0415 29.7255 16.891 35.378
12.3025 47.6805 12.9675 34.314 1.6625 39.9665
15.162 26.733 1.862 49.2765 2.793 38.7695
16.5585 39.9665 3.192 48.944 7.9135 41.097
11.305 33.25 16.9575 34.979 3.059 35.1785
3.325 42.8925 10.1745 30.191 4.8545 25.137
16.1595 39.9665 15.561 31.8535 8.1795 40.299
2.261 32.2525 2.9925 25.536 16.758 31.255
